%YAML:1.0 
%Freiburg 1

camera0:
   model: distPinhole
   fx: 517.3
   fy: 516.5
   cx: 318.6
   cy: 255.3
   k1: 0.2624
   k2: -0.9531
   k3: -0.0054
   k4: 0.0026
   k5: 1.1633
   w: 640
   h: 480
 
