%YAML:1.0 
%Freiburg 2

camera0:
   model: distPinhole
   fx: 520.9
   fy: 521.0
   cx: 325.1
   cy: 249.7
   k1: 0.2312
   k2: -0.7849
   k3: -0.0033
   k4: -0.0001
   k5: 0.9172
   w: 640
   h: 480
 
